ROUGE1: 0.11259966042183407
ROUGE2: 0.019074684133054885
ROUGEL: 0.10796390295546741
BERTScore: 0.8005739277329188
FKGL: 15.433865495909002
DCRS: 8.313400518858511
CLI: 14.935787268010376
